readTemp

*************** CMD *******************
CMD >> 10896
10896
10896
10896
10896
10896
10896
10896
10896
10896
10896
10919
10919
10919
10919
10919
10919
10919
10919
10919
10919
10919
10919
10919
10919
10919
10919
10919
10919
10919
10919
10919
10919
10919
10919
10919
10919
10919
10919
10919
10919
10919
10919
10919
10919
10919
10919
10919
10919
10919
10919
10919
10919
10919
10919
10919
10919
10919
10919
10919
10919
10919
10919
10919
10919
10919
10919
10919
10942
10919
10942
10942
10942
10965
10965
10965
10989
10989
11012
11012
11035
11058
11081
11081
11104
11127
11150
11174
11197
11220
11243
11266
11312
11335
11359
11382
11428
11451
11497
11520
11544
11590
11613
11636
11682
11705
11752
11775
11821
11844
11890
11937
11983
12006
12052
12076
12122
12145
12191
12214
12261
12284
12330
12353
12399
12446
12469
12515
12538
12584
12607
12654
12677
12723
12746
12792
12816
12862
12885
12931
12977
13001
stop

*************** CMD *******************
CMD >> heaterOn

*************** CMD *******************
CMD >> readTemp

*************** CMD *******************
CMD >> 13324
13324
13324
13348
13348
13371
13371
13394
13394
13417
13417
13440
13440
13463
13463
13486
13486
13509
13509
13533
13533
13556
13556
13579
13579
13602
13602
13625
13625
13648
13648
13671
13694
13694
13718
13718
13741
13741
13764
13764
13787
13810
13810
13833
13833
13856
13879
13879
13903
13903
13926
13926
13949
13972
13972
13995
13995
14018
14041
14041
14064
14064
14088
14088
14111
14111
14134
14134
14157
14157
14180
14203
14203
14226
14226
14249
14249
14273
14296
14296
14319
14319
14342
14342
14365
14388
14388
14411
14411
14435
14435
14458
14458
14481
14481
14504
14504
14527
14527
14527
14550
14573
14573
14596
14596
14620
14620
14643
14643
14666
14666
14689
14712
14712
14712
14735
14735
14758
14781
14781
14805
14828
14828
14851
14851
14874
14874
14897
14897
14920
14920
14943
14943
14966
14966
14990
14990
15013
15013
15036
15036
15059
15059
15082
15082
15105
15105
15128
15128
15151
15151
15175
15175
15198
15198
15198
15221
15221
15244
15244
15267
15267
15290
15290
15313
15313
15336
15336
15360
15360
15383
15383
15406
15406
15429
15429
15452
15452
15475
15475
15498
15498
15522
15522
15545
15545
15568
15568
15591
15591
15614
15637
15637
15637
15660
15683
15683
15707
15707
15730
15730
15753
15753
15753
15776
15776
15799
15822
15822
15845
15845
15845
15868
15868
15892
15892
15915
15915
15938
15938
15961
15961
15961
15984
15984
16007
16007
16030
16030
16053
16053
16077
16077
16100
16100
16123
16123
16123
16146
16146
16169
16192
16192
16192
16215
16215
16238
16238
16238
16262
16262
16285
16285
16308
16308
16331
16331
16331
16354
16354
16377
16377
16400
16400
16423
16423
16423
16447
16447
16470
16470
16493
16493
16516
16516
16516
16539
16539
16562
16562
16562
16585
16585
16585
16608
16608
16632
16632
16655
16655
16655
16678
16678
16701
16701
16724
16724
16724
16747
16747
16770
16770
16794
16794
16794
16817
16817
16840
16840
16840
16863
16863
16886
16886
16909
16909
16909
16932
16932
16932
16955
16955
16979
16979
16979
17002
17002
17025
17025
17048
17048
17071
17071
17071
17094
17117
17117
17140
17140
17164
17164
17187
17187
17187
17210
17210
17210
17233
17233
17233
17256
17279
17279
17302
17302
17302
17325
17325
17349
17349
17349
17349
17372
17372
17395
17395
17395
17418
17418
17418
17441
17441
17464
17464
17487
17487
17487
17510
17510
17510
17534
17534
17557
17557
17580
17580
17580
17603
17603
17626
17626
17626
17626
17649
17649
17649
17672
17672
17695
17695
17719
17719
17719
17742
17742
17742
17742
17765
17765
17788
17788
17788
17811
17811
17834
17834
17834
17857
17857
17857
17881
17881
17904
17904
17927
17927
17927
17927
17950
17950
17973
17973
17973
17996
17996
18019
18019
18019
18019
18042
18042
18066
18066
18066
18066
18089
18089
18089
18112
18112
18135
18135
18158
18158
18158
18181
18181
18181
18204
18204
18204
18227
18251
18251
18274
18274
18297
18297
18320
18343
18343
18343
18366
18366
18366
18389
18389
18389
18389
18412
18412
18412
18412
18436
18436
18436
18436
18459
18459
18459
18459
18482
18482
18505
18505
18528
18528
18551
18551
18551
18574
18574
18574
18574
18597
18597
18597
18621
18621
18621
18621
18644
18644
18644
18644
18667
18667
18667
18690
18690
18690
18690
18713
18713
18713
18713
18736
18736
18759
18759
18759
18759
18759
18782
18782
18782
18806
18806
18806
18806
18829
18829
18829
18829
18852
18852
18852
18875
18875
18875
18875
18898
18898
18898
18921
18921
18921
18921
18921
18944
18944
18944
18967
18967
18967
18967
18991
18991
18991
18991
19014
19014
19014
19037
19037
19037
19037
19060
19060
19060
19083
19083
19083
19083
19083
19106
19106
19106
19106
19129
19129
19129
19129
19152
19152
19152
19152
19152
19176
19176
19176
19176
19199
19199
19199
19199
19199
19222
19222
19222
19245
19245
19245
19245
19268
19268
19268
19268
19268
19291
19291
19291
19291
19314
19314
19314
19314
19314
19337
19337
19337
19337
19361
19361
19361
19361
19361
19384
19384
19384
19384
19407
19407
19407
19407
19430
19430
19430
19430
19430
19453
19453
19453
19453
19453
19476
19476
19476
19476
19476
19499
19499
19499
19499
19499
19499
19522
19522
19522
19522
19546
19546
19546
19546
19569
19569
19569
19569
19569
19592
19592
19592
19592
19592
19615
19615
19615
19615
19638
19638
19638
19638
19638
19638
19661
19661
19661
19661
19661
19661
19684
19684
19684
19684
19708
19708
19708
19708
19708
19731
19731
19731
19731
19731
19754
19754
19754
19754
19754
19777
19777
19777
19777
19800
19800
19800
19800
19800
19823
19823
19823
19823
19823
19823
19846
19846
19846
19846
19846
19869
19869
19869
19869
19869
19893
19893
19893
19893
19893
19893
19916
19916
19916
19916
19939
19939
19939
19939
19939
19939
19962
19962
19962
19962
19962
19962
19962
19985
19985
19985
19985
20008
20008
20008
20008
20008
20008
20031
20031
20031
20031
20031
20054
20054
20054
20054
20078
20078
20078
20078
20078
20078
20078
20101
20101
20101
20101
20101
20124
20124
20124
20124
20124
20124
20147
20147
20147
20147
20147
20147
20147
20170
20170
20170
20170
20193
20193
20193
20193
20216
20216
20216
20216
20216
20216
20216
20239
20239
20239
20239
20239
20239
20239
20263
20263
20263
20263
20263
20263
20286
20286
20286
20286
20286
20286
20309
20309
20309
20309
20309
20309
20332
20332
20332
20332
20332
20332
20355
20355
20355
20355
20355
20355
20355
20378
20378
20378
20378
20378
20378
20378
20378
20401
20401
20401
20401
20401
20401
20424
20424
20424
20424
20424
20424
20448
20448
20448
20448
20448
20448
20471
20471
20471
20471
20471
20471
20471
20471
20494
20494
20494
20494
20494
20494
20494
20494
20517
20517
20517
20517
20517
20540
20540
20540
20540
20540
20540
20540
20563
20563
20563
20563
20563
20563
20563
20563
20563
20586
20586
20586
20586
20586
20586
20586
20609
20609
20609
20609
20609
20633
20633
20633
20633
20633
20633
20633
20656
20656
20656
20656
20656
20656
20656
20679
20679
20679
20679
20679
20679
20679
20679
20702
20702
20702
20702
20702
20702
20702
20725
20725
20725
20725
20725
20725
20748
20748
20748
20748
20748
20771
20771
20771
20771
20771
20771
20771
20794
